(kicad_pcb (version 20171130) (host pcbnew 5.1.5+dfsg1-2build2)

  (general
    (thickness 1.6)
    (drawings 16)
    (tracks 365)
    (zones 0)
    (modules 31)
    (nets 57)
  )

  (page A4)
  (layers
    (0 F.Cu signal)
    (31 B.Cu signal)
    (32 B.Adhes user)
    (33 F.Adhes user)
    (34 B.Paste user)
    (35 F.Paste user)
    (36 B.SilkS user)
    (37 F.SilkS user)
    (38 B.Mask user)
    (39 F.Mask user)
    (40 Dwgs.User user)
    (41 Cmts.User user)
    (42 Eco1.User user)
    (43 Eco2.User user)
    (44 Edge.Cuts user)
    (45 Margin user)
    (46 B.CrtYd user)
    (47 F.CrtYd user)
    (48 B.Fab user)
    (49 F.Fab user)
  )

  (setup
    (last_trace_width 0.5)
    (user_trace_width 0.3)
    (user_trace_width 0.5)
    (trace_clearance 0.2)
    (zone_clearance 0.508)
    (zone_45_only no)
    (trace_min 0.2)
    (via_size 0.8)
    (via_drill 0.4)
    (via_min_size 0.4)
    (via_min_drill 0.3)
    (uvia_size 0.3)
    (uvia_drill 0.1)
    (uvias_allowed no)
    (uvia_min_size 0.2)
    (uvia_min_drill 0.1)
    (edge_width 0.05)
    (segment_width 0.2)
    (pcb_text_width 0.3)
    (pcb_text_size 1.5 1.5)
    (mod_edge_width 0.12)
    (mod_text_size 1 1)
    (mod_text_width 0.15)
    (pad_size 1.524 1.524)
    (pad_drill 0.762)
    (pad_to_mask_clearance 0.051)
    (solder_mask_min_width 0.25)
    (aux_axis_origin 0 0)
    (visible_elements FFFFFF7F)
    (pcbplotparams
      (layerselection 0x010fc_ffffffff)
      (usegerberextensions false)
      (usegerberattributes false)
      (usegerberadvancedattributes false)
      (creategerberjobfile false)
      (excludeedgelayer true)
      (linewidth 0.100000)
      (plotframeref false)
      (viasonmask false)
      (mode 1)
      (useauxorigin false)
      (hpglpennumber 1)
      (hpglpenspeed 20)
      (hpglpendiameter 15.000000)
      (psnegative false)
      (psa4output false)
      (plotreference true)
      (plotvalue true)
      (plotinvisibletext false)
      (padsonsilk false)
      (subtractmaskfromsilk false)
      (outputformat 1)
      (mirror false)
      (drillshape 0)
      (scaleselection 1)
      (outputdirectory ""))
  )

  (net 0 "")
  (net 1 VCC)
  (net 2 CS_IN)
  (net 3 D_C_IN)
  (net 4 SDIN_IN)
  (net 5 +3V3)
  (net 6 SCK_IN)
  (net 7 RST_IN)
  (net 8 LCD_DATA)
  (net 9 LCD_SCK)
  (net 10 LCD_D_C)
  (net 11 LCD_RST)
  (net 12 LCD_CS)
  (net 13 "Net-(U1-Pad2)")
  (net 14 "Net-(U1-Pad3)")
  (net 15 "Net-(U1-Pad4)")
  (net 16 "Net-(U1-Pad5)")
  (net 17 "Net-(U1-Pad6)")
  (net 18 "Net-(U1-Pad11)")
  (net 19 SPI1_MISO)
  (net 20 "Net-(U1-Pad18)")
  (net 21 "Net-(U1-Pad19)")
  (net 22 SPI2_MISO)
  (net 23 "Net-(U1-Pad29)")
  (net 24 "Net-(U1-Pad32)")
  (net 25 "Net-(U1-Pad33)")
  (net 26 "Net-(U1-Pad38)")
  (net 27 "Net-(U1-Pad39)")
  (net 28 "Net-(U1-Pad40)")
  (net 29 "Net-(U1-Pad41)")
  (net 30 "Net-(U1-Pad42)")
  (net 31 "Net-(U1-Pad43)")
  (net 32 "Net-(U1-Pad45)")
  (net 33 "Net-(U1-Pad46)")
  (net 34 GND)
  (net 35 RESET)
  (net 36 "Net-(R1-Pad2)")
  (net 37 "Net-(R3-Pad1)")
  (net 38 SWDIO)
  (net 39 SWCLK)
  (net 40 "Net-(U1-Pad30)")
  (net 41 "Net-(U1-Pad31)")
  (net 42 "Net-(C11-Pad1)")
  (net 43 "Net-(C12-Pad2)")
  (net 44 "Net-(C12-Pad1)")
  (net 45 "Net-(C13-Pad1)")
  (net 46 "Net-(C14-Pad2)")
  (net 47 "Net-(C14-Pad1)")
  (net 48 "Net-(C15-Pad1)")
  (net 49 "Net-(C16-Pad1)")
  (net 50 "Net-(C17-Pad1)")
  (net 51 "Net-(C18-Pad1)")
  (net 52 "Net-(C19-Pad1)")
  (net 53 "Net-(LCD_CONN1-Pad27)")
  (net 54 "Net-(Q1-Pad1)")
  (net 55 LCD_BACKLIGHT_PWM)
  (net 56 "Net-(J1-Pad1)")

  (net_class Default "This is the default net class."
    (clearance 0.2)
    (trace_width 0.25)
    (via_dia 0.8)
    (via_drill 0.4)
    (uvia_dia 0.3)
    (uvia_drill 0.1)
    (add_net +3V3)
    (add_net CS_IN)
    (add_net D_C_IN)
    (add_net GND)
    (add_net LCD_BACKLIGHT_PWM)
    (add_net LCD_CS)
    (add_net LCD_DATA)
    (add_net LCD_D_C)
    (add_net LCD_RST)
    (add_net LCD_SCK)
    (add_net "Net-(C11-Pad1)")
    (add_net "Net-(C12-Pad1)")
    (add_net "Net-(C12-Pad2)")
    (add_net "Net-(C13-Pad1)")
    (add_net "Net-(C14-Pad1)")
    (add_net "Net-(C14-Pad2)")
    (add_net "Net-(C15-Pad1)")
    (add_net "Net-(C16-Pad1)")
    (add_net "Net-(C17-Pad1)")
    (add_net "Net-(C18-Pad1)")
    (add_net "Net-(C19-Pad1)")
    (add_net "Net-(J1-Pad1)")
    (add_net "Net-(LCD_CONN1-Pad27)")
    (add_net "Net-(Q1-Pad1)")
    (add_net "Net-(R1-Pad2)")
    (add_net "Net-(R3-Pad1)")
    (add_net "Net-(U1-Pad11)")
    (add_net "Net-(U1-Pad18)")
    (add_net "Net-(U1-Pad19)")
    (add_net "Net-(U1-Pad2)")
    (add_net "Net-(U1-Pad29)")
    (add_net "Net-(U1-Pad3)")
    (add_net "Net-(U1-Pad30)")
    (add_net "Net-(U1-Pad31)")
    (add_net "Net-(U1-Pad32)")
    (add_net "Net-(U1-Pad33)")
    (add_net "Net-(U1-Pad38)")
    (add_net "Net-(U1-Pad39)")
    (add_net "Net-(U1-Pad4)")
    (add_net "Net-(U1-Pad40)")
    (add_net "Net-(U1-Pad41)")
    (add_net "Net-(U1-Pad42)")
    (add_net "Net-(U1-Pad43)")
    (add_net "Net-(U1-Pad45)")
    (add_net "Net-(U1-Pad46)")
    (add_net "Net-(U1-Pad5)")
    (add_net "Net-(U1-Pad6)")
    (add_net RESET)
    (add_net RST_IN)
    (add_net SCK_IN)
    (add_net SDIN_IN)
    (add_net SPI1_MISO)
    (add_net SPI2_MISO)
    (add_net SWCLK)
    (add_net SWDIO)
    (add_net VCC)
  )

  (module Package_TO_SOT_SMD:SOT-23 (layer F.Cu) (tedit 5A02FF57) (tstamp 5ED430B4)
    (at 94.742 62.738)
    (descr "SOT-23, Standard")
    (tags SOT-23)
    (path /5EC74373)
    (attr smd)
    (fp_text reference Q1 (at 0 -2.5) (layer F.SilkS)
      (effects (font (size 1 1) (thickness 0.15)))
    )
    (fp_text value AO3400A (at 0 2.5) (layer F.Fab)
      (effects (font (size 1 1) (thickness 0.15)))
    )
    (fp_text user %R (at 0 0 90) (layer F.Fab)
      (effects (font (size 0.5 0.5) (thickness 0.075)))
    )
    (fp_line (start -0.7 -0.95) (end -0.7 1.5) (layer F.Fab) (width 0.1))
    (fp_line (start -0.15 -1.52) (end 0.7 -1.52) (layer F.Fab) (width 0.1))
    (fp_line (start -0.7 -0.95) (end -0.15 -1.52) (layer F.Fab) (width 0.1))
    (fp_line (start 0.7 -1.52) (end 0.7 1.52) (layer F.Fab) (width 0.1))
    (fp_line (start -0.7 1.52) (end 0.7 1.52) (layer F.Fab) (width 0.1))
    (fp_line (start 0.76 1.58) (end 0.76 0.65) (layer F.SilkS) (width 0.12))
    (fp_line (start 0.76 -1.58) (end 0.76 -0.65) (layer F.SilkS) (width 0.12))
    (fp_line (start -1.7 -1.75) (end 1.7 -1.75) (layer F.CrtYd) (width 0.05))
    (fp_line (start 1.7 -1.75) (end 1.7 1.75) (layer F.CrtYd) (width 0.05))
    (fp_line (start 1.7 1.75) (end -1.7 1.75) (layer F.CrtYd) (width 0.05))
    (fp_line (start -1.7 1.75) (end -1.7 -1.75) (layer F.CrtYd) (width 0.05))
    (fp_line (start 0.76 -1.58) (end -1.4 -1.58) (layer F.SilkS) (width 0.12))
    (fp_line (start 0.76 1.58) (end -0.7 1.58) (layer F.SilkS) (width 0.12))
    (pad 1 smd rect (at -1 -0.95) (size 0.9 0.8) (layers F.Cu F.Paste F.Mask)
      (net 54 "Net-(Q1-Pad1)"))
    (pad 2 smd rect (at -1 0.95) (size 0.9 0.8) (layers F.Cu F.Paste F.Mask)
      (net 34 GND))
    (pad 3 smd rect (at 1 0) (size 0.9 0.8) (layers F.Cu F.Paste F.Mask)
      (net 56 "Net-(J1-Pad1)"))
    (model ${KISYS3DMOD}/Package_TO_SOT_SMD.3dshapes/SOT-23.wrl
      (at (xyz 0 0 0))
      (scale (xyz 1 1 1))
      (rotate (xyz 0 0 0))
    )
  )

  (module Connector_FFC-FPC:Molex_200528-0080_1x08-1MP_P1.00mm_Horizontal (layer F.Cu) (tedit 5C60BCA5) (tstamp 5EA5E8C1)
    (at 104.902 69.596)
    (descr "Molex Molex 1.00mm Pitch Easy-On BackFlip, Right-Angle, Bottom Contact FFC/FPC, 200528-0080, 8 Circuits (https://www.molex.com/pdm_docs/sd/2005280080_sd.pdf), generated with kicad-footprint-generator")
    (tags "connector Molex  top entry")
    (path /5E8496EF)
    (attr smd)
    (fp_text reference INPUT_CONN1 (at 0 -2.794) (layer F.SilkS)
      (effects (font (size 1 1) (thickness 0.15)))
    )
    (fp_text value CN101 (at 0 5.39) (layer F.Fab)
      (effects (font (size 1 1) (thickness 0.15)))
    )
    (fp_line (start 6.05 -1.06) (end 6.05 -0.71) (layer F.Fab) (width 0.1))
    (fp_line (start 6.05 -0.71) (end -6.05 -0.71) (layer F.Fab) (width 0.1))
    (fp_line (start -6.05 -0.71) (end -6.05 -1.06) (layer F.Fab) (width 0.1))
    (fp_line (start -6.05 -1.06) (end -6.6 -1.06) (layer F.Fab) (width 0.1))
    (fp_line (start -6.6 -1.06) (end -6.6 2.89) (layer F.Fab) (width 0.1))
    (fp_line (start -6.6 2.89) (end 6.6 2.89) (layer F.Fab) (width 0.1))
    (fp_line (start 6.6 2.89) (end 6.6 -1.06) (layer F.Fab) (width 0.1))
    (fp_line (start 6.6 -1.06) (end 6.05 -1.06) (layer F.Fab) (width 0.1))
    (fp_line (start -4 -0.71) (end -3.5 0.04) (layer F.Fab) (width 0.1))
    (fp_line (start -3.5 0.04) (end -3 -0.71) (layer F.Fab) (width 0.1))
    (fp_line (start 5.8 0.19) (end -5.8 0.19) (layer F.Fab) (width 0.1))
    (fp_line (start -5.8 0.19) (end -5.8 4.19) (layer F.Fab) (width 0.1))
    (fp_line (start -5.8 4.19) (end 5.8 4.19) (layer F.Fab) (width 0.1))
    (fp_line (start 5.8 4.19) (end 5.8 0.19) (layer F.Fab) (width 0.1))
    (fp_line (start -3.96 -1.41) (end -3.96 -0.82) (layer F.SilkS) (width 0.12))
    (fp_line (start -3.96 -0.82) (end -5.94 -0.82) (layer F.SilkS) (width 0.12))
    (fp_line (start -5.94 -0.82) (end -5.94 -1.17) (layer F.SilkS) (width 0.12))
    (fp_line (start -5.94 -1.17) (end -6.71 -1.17) (layer F.SilkS) (width 0.12))
    (fp_line (start -6.71 -1.17) (end -6.71 0.88) (layer F.SilkS) (width 0.12))
    (fp_line (start -6.71 2.7) (end -6.71 3) (layer F.SilkS) (width 0.12))
    (fp_line (start -6.71 3) (end -5.91 3) (layer F.SilkS) (width 0.12))
    (fp_line (start -5.91 3) (end -5.91 4.3) (layer F.SilkS) (width 0.12))
    (fp_line (start -5.91 4.3) (end 5.91 4.3) (layer F.SilkS) (width 0.12))
    (fp_line (start 5.91 4.3) (end 5.91 3) (layer F.SilkS) (width 0.12))
    (fp_line (start 5.91 3) (end 6.71 3) (layer F.SilkS) (width 0.12))
    (fp_line (start 6.71 3) (end 6.71 2.7) (layer F.SilkS) (width 0.12))
    (fp_line (start 6.71 0.88) (end 6.71 -1.17) (layer F.SilkS) (width 0.12))
    (fp_line (start 6.71 -1.17) (end 5.94 -1.17) (layer F.SilkS) (width 0.12))
    (fp_line (start 5.94 -1.17) (end 5.94 -0.82) (layer F.SilkS) (width 0.12))
    (fp_line (start 5.94 -0.82) (end 3.96 -0.82) (layer F.SilkS) (width 0.12))
    (fp_line (start -7.8 -1.91) (end -7.8 4.69) (layer F.CrtYd) (width 0.05))
    (fp_line (start -7.8 4.69) (end 7.8 4.69) (layer F.CrtYd) (width 0.05))
    (fp_line (start 7.8 4.69) (end 7.8 -1.91) (layer F.CrtYd) (width 0.05))
    (fp_line (start 7.8 -1.91) (end -7.8 -1.91) (layer F.CrtYd) (width 0.05))
    (fp_text user %R (at 0 1.39) (layer F.Fab)
      (effects (font (size 1 1) (thickness 0.15)))
    )
    (pad MP smd rect (at -6.3 1.79) (size 2 1.3) (layers F.Cu F.Paste F.Mask))
    (pad MP smd rect (at 6.3 1.79) (size 2 1.3) (layers F.Cu F.Paste F.Mask))
    (pad 1 smd rect (at -3.5 -0.91) (size 0.4 1) (layers F.Cu F.Paste F.Mask)
      (net 34 GND))
    (pad 2 smd rect (at -2.5 -0.91) (size 0.4 1) (layers F.Cu F.Paste F.Mask)
      (net 4 SDIN_IN))
    (pad 3 smd rect (at -1.5 -0.91) (size 0.4 1) (layers F.Cu F.Paste F.Mask)
      (net 6 SCK_IN))
    (pad 4 smd rect (at -0.5 -0.91) (size 0.4 1) (layers F.Cu F.Paste F.Mask)
      (net 3 D_C_IN))
    (pad 5 smd rect (at 0.5 -0.91) (size 0.4 1) (layers F.Cu F.Paste F.Mask)
      (net 2 CS_IN))
    (pad 6 smd rect (at 1.5 -0.91) (size 0.4 1) (layers F.Cu F.Paste F.Mask)
      (net 7 RST_IN))
    (pad 7 smd rect (at 2.5 -0.91) (size 0.4 1) (layers F.Cu F.Paste F.Mask)
      (net 5 +3V3))
    (pad 8 smd rect (at 3.5 -0.91) (size 0.4 1) (layers F.Cu F.Paste F.Mask)
      (net 1 VCC))
    (model ${KISYS3DMOD}/Connector_FFC-FPC.3dshapes/Molex_200528-0080_1x08-1MP_P1.00mm_Horizontal.wrl
      (at (xyz 0 0 0))
      (scale (xyz 1 1 1))
      (rotate (xyz 0 0 0))
    )
  )

  (module Connector_FFC-FPC:Hirose_FH12-30S-0.5SH_1x30-1MP_P0.50mm_Horizontal (layer F.Cu) (tedit 5D24667B) (tstamp 5EA5E91C)
    (at 104.902 37.338 180)
    (descr "Hirose FH12, FFC/FPC connector, FH12-30S-0.5SH, 30 Pins per row (https://www.hirose.com/product/en/products/FH12/FH12-24S-0.5SH(55)/), generated with kicad-footprint-generator")
    (tags "connector Hirose FH12 horizontal")
    (path /5EA08ED1)
    (attr smd)
    (fp_text reference LCD_CONN1 (at 0 -4.064) (layer F.SilkS)
      (effects (font (size 1 1) (thickness 0.15)))
    )
    (fp_text value Conn_01x30 (at 0 5.6) (layer F.Fab)
      (effects (font (size 1 1) (thickness 0.15)))
    )
    (fp_line (start 0 -1.2) (end -9.05 -1.2) (layer F.Fab) (width 0.1))
    (fp_line (start -9.05 -1.2) (end -9.05 3.4) (layer F.Fab) (width 0.1))
    (fp_line (start -9.05 3.4) (end -8.45 3.4) (layer F.Fab) (width 0.1))
    (fp_line (start -8.45 3.4) (end -8.45 3.7) (layer F.Fab) (width 0.1))
    (fp_line (start -8.45 3.7) (end -8.95 3.7) (layer F.Fab) (width 0.1))
    (fp_line (start -8.95 3.7) (end -8.95 4.4) (layer F.Fab) (width 0.1))
    (fp_line (start -8.95 4.4) (end 0 4.4) (layer F.Fab) (width 0.1))
    (fp_line (start 0 -1.2) (end 9.05 -1.2) (layer F.Fab) (width 0.1))
    (fp_line (start 9.05 -1.2) (end 9.05 3.4) (layer F.Fab) (width 0.1))
    (fp_line (start 9.05 3.4) (end 8.45 3.4) (layer F.Fab) (width 0.1))
    (fp_line (start 8.45 3.4) (end 8.45 3.7) (layer F.Fab) (width 0.1))
    (fp_line (start 8.45 3.7) (end 8.95 3.7) (layer F.Fab) (width 0.1))
    (fp_line (start 8.95 3.7) (end 8.95 4.4) (layer F.Fab) (width 0.1))
    (fp_line (start 8.95 4.4) (end 0 4.4) (layer F.Fab) (width 0.1))
    (fp_line (start -7.66 -1.3) (end -9.15 -1.3) (layer F.SilkS) (width 0.12))
    (fp_line (start -9.15 -1.3) (end -9.15 0.04) (layer F.SilkS) (width 0.12))
    (fp_line (start 7.66 -1.3) (end 9.15 -1.3) (layer F.SilkS) (width 0.12))
    (fp_line (start 9.15 -1.3) (end 9.15 0.04) (layer F.SilkS) (width 0.12))
    (fp_line (start -9.15 2.76) (end -9.15 4.5) (layer F.SilkS) (width 0.12))
    (fp_line (start -9.15 4.5) (end 9.15 4.5) (layer F.SilkS) (width 0.12))
    (fp_line (start 9.15 4.5) (end 9.15 2.76) (layer F.SilkS) (width 0.12))
    (fp_line (start -7.66 -1.3) (end -7.66 -2.5) (layer F.SilkS) (width 0.12))
    (fp_line (start -7.75 -1.2) (end -7.25 -0.492893) (layer F.Fab) (width 0.1))
    (fp_line (start -7.25 -0.492893) (end -6.75 -1.2) (layer F.Fab) (width 0.1))
    (fp_line (start -10.55 -3) (end -10.55 4.9) (layer F.CrtYd) (width 0.05))
    (fp_line (start -10.55 4.9) (end 10.55 4.9) (layer F.CrtYd) (width 0.05))
    (fp_line (start 10.55 4.9) (end 10.55 -3) (layer F.CrtYd) (width 0.05))
    (fp_line (start 10.55 -3) (end -10.55 -3) (layer F.CrtYd) (width 0.05))
    (fp_text user %R (at 0 3.7) (layer F.Fab)
      (effects (font (size 1 1) (thickness 0.15)))
    )
    (pad MP smd rect (at 9.15 1.4 180) (size 1.8 2.2) (layers F.Cu F.Paste F.Mask))
    (pad MP smd rect (at -9.15 1.4 180) (size 1.8 2.2) (layers F.Cu F.Paste F.Mask))
    (pad 1 smd rect (at -7.25 -1.85 180) (size 0.3 1.3) (layers F.Cu F.Paste F.Mask)
      (net 12 LCD_CS))
    (pad 2 smd rect (at -6.75 -1.85 180) (size 0.3 1.3) (layers F.Cu F.Paste F.Mask)
      (net 11 LCD_RST))
    (pad 3 smd rect (at -6.25 -1.85 180) (size 0.3 1.3) (layers F.Cu F.Paste F.Mask)
      (net 10 LCD_D_C))
    (pad 4 smd rect (at -5.75 -1.85 180) (size 0.3 1.3) (layers F.Cu F.Paste F.Mask)
      (net 5 +3V3))
    (pad 5 smd rect (at -5.25 -1.85 180) (size 0.3 1.3) (layers F.Cu F.Paste F.Mask)
      (net 5 +3V3))
    (pad 6 smd rect (at -4.75 -1.85 180) (size 0.3 1.3) (layers F.Cu F.Paste F.Mask)
      (net 5 +3V3))
    (pad 7 smd rect (at -4.25 -1.85 180) (size 0.3 1.3) (layers F.Cu F.Paste F.Mask)
      (net 5 +3V3))
    (pad 8 smd rect (at -3.75 -1.85 180) (size 0.3 1.3) (layers F.Cu F.Paste F.Mask)
      (net 5 +3V3))
    (pad 9 smd rect (at -3.25 -1.85 180) (size 0.3 1.3) (layers F.Cu F.Paste F.Mask)
      (net 5 +3V3))
    (pad 10 smd rect (at -2.75 -1.85 180) (size 0.3 1.3) (layers F.Cu F.Paste F.Mask)
      (net 5 +3V3))
    (pad 11 smd rect (at -2.25 -1.85 180) (size 0.3 1.3) (layers F.Cu F.Paste F.Mask)
      (net 5 +3V3))
    (pad 12 smd rect (at -1.75 -1.85 180) (size 0.3 1.3) (layers F.Cu F.Paste F.Mask)
      (net 9 LCD_SCK))
    (pad 13 smd rect (at -1.25 -1.85 180) (size 0.3 1.3) (layers F.Cu F.Paste F.Mask)
      (net 8 LCD_DATA))
    (pad 14 smd rect (at -0.75 -1.85 180) (size 0.3 1.3) (layers F.Cu F.Paste F.Mask)
      (net 5 +3V3))
    (pad 15 smd rect (at -0.25 -1.85 180) (size 0.3 1.3) (layers F.Cu F.Paste F.Mask)
      (net 34 GND))
    (pad 16 smd rect (at 0.25 -1.85 180) (size 0.3 1.3) (layers F.Cu F.Paste F.Mask)
      (net 42 "Net-(C11-Pad1)"))
    (pad 17 smd rect (at 0.75 -1.85 180) (size 0.3 1.3) (layers F.Cu F.Paste F.Mask)
      (net 44 "Net-(C12-Pad1)"))
    (pad 18 smd rect (at 1.25 -1.85 180) (size 0.3 1.3) (layers F.Cu F.Paste F.Mask)
      (net 43 "Net-(C12-Pad2)"))
    (pad 19 smd rect (at 1.75 -1.85 180) (size 0.3 1.3) (layers F.Cu F.Paste F.Mask)
      (net 45 "Net-(C13-Pad1)"))
    (pad 20 smd rect (at 2.25 -1.85 180) (size 0.3 1.3) (layers F.Cu F.Paste F.Mask)
      (net 46 "Net-(C14-Pad2)"))
    (pad 21 smd rect (at 2.75 -1.85 180) (size 0.3 1.3) (layers F.Cu F.Paste F.Mask)
      (net 47 "Net-(C14-Pad1)"))
    (pad 22 smd rect (at 3.25 -1.85 180) (size 0.3 1.3) (layers F.Cu F.Paste F.Mask)
      (net 48 "Net-(C15-Pad1)"))
    (pad 23 smd rect (at 3.75 -1.85 180) (size 0.3 1.3) (layers F.Cu F.Paste F.Mask)
      (net 49 "Net-(C16-Pad1)"))
    (pad 24 smd rect (at 4.25 -1.85 180) (size 0.3 1.3) (layers F.Cu F.Paste F.Mask)
      (net 50 "Net-(C17-Pad1)"))
    (pad 25 smd rect (at 4.75 -1.85 180) (size 0.3 1.3) (layers F.Cu F.Paste F.Mask)
      (net 51 "Net-(C18-Pad1)"))
    (pad 26 smd rect (at 5.25 -1.85 180) (size 0.3 1.3) (layers F.Cu F.Paste F.Mask)
      (net 52 "Net-(C19-Pad1)"))
    (pad 27 smd rect (at 5.75 -1.85 180) (size 0.3 1.3) (layers F.Cu F.Paste F.Mask)
      (net 53 "Net-(LCD_CONN1-Pad27)"))
    (pad 28 smd rect (at 6.25 -1.85 180) (size 0.3 1.3) (layers F.Cu F.Paste F.Mask)
      (net 34 GND))
    (pad 29 smd rect (at 6.75 -1.85 180) (size 0.3 1.3) (layers F.Cu F.Paste F.Mask)
      (net 34 GND))
    (pad 30 smd rect (at 7.25 -1.85 180) (size 0.3 1.3) (layers F.Cu F.Paste F.Mask)
      (net 5 +3V3))
    (model ${KISYS3DMOD}/Connector_FFC-FPC.3dshapes/Hirose_FH12-30S-0.5SH_1x30-1MP_P0.50mm_Horizontal.wrl
      (at (xyz 0 0 0))
      (scale (xyz 1 1 1))
      (rotate (xyz 0 0 0))
    )
  )

  (module MountingHole:MountingHole_3mm locked (layer F.Cu) (tedit 56D1B4CB) (tstamp 5EA8A043)
    (at 129.902 37.084)
    (descr "Mounting Hole 3mm, no annular")
    (tags "mounting hole 3mm no annular")
    (attr virtual)
    (fp_text reference REF** (at 0 -4) (layer F.SilkS) hide
      (effects (font (size 1 1) (thickness 0.15)))
    )
    (fp_text value MountingHole_3mm (at 0 4) (layer F.Fab)
      (effects (font (size 1 1) (thickness 0.15)))
    )
    (fp_circle (center 0 0) (end 3.25 0) (layer F.CrtYd) (width 0.05))
    (fp_circle (center 0 0) (end 3 0) (layer Cmts.User) (width 0.15))
    (fp_text user %R (at 0.3 0) (layer F.Fab)
      (effects (font (size 1 1) (thickness 0.15)))
    )
    (pad 1 np_thru_hole circle (at 0 0) (size 3 3) (drill 3) (layers *.Cu *.Mask))
  )

  (module MountingHole:MountingHole_3mm locked (layer F.Cu) (tedit 56D1B4CB) (tstamp 5EA89F59)
    (at 79.902 37.084)
    (descr "Mounting Hole 3mm, no annular")
    (tags "mounting hole 3mm no annular")
    (attr virtual)
    (fp_text reference REF** (at 0 -4) (layer F.SilkS) hide
      (effects (font (size 1 1) (thickness 0.15)))
    )
    (fp_text value MountingHole_3mm (at 0 4) (layer F.Fab)
      (effects (font (size 1 1) (thickness 0.15)))
    )
    (fp_circle (center 0 0) (end 3.25 0) (layer F.CrtYd) (width 0.05))
    (fp_circle (center 0 0) (end 3 0) (layer Cmts.User) (width 0.15))
    (fp_text user %R (at 0.3 0) (layer F.Fab)
      (effects (font (size 1 1) (thickness 0.15)))
    )
    (pad 1 np_thru_hole circle (at 0 0) (size 3 3) (drill 3) (layers *.Cu *.Mask))
  )

  (module Capacitor_SMD:C_0805_2012Metric (layer F.Cu) (tedit 5B36C52B) (tstamp 5EA5E82A)
    (at 95.758 47.5765 270)
    (descr "Capacitor SMD 0805 (2012 Metric), square (rectangular) end terminal, IPC_7351 nominal, (Body size source: https://docs.google.com/spreadsheets/d/1BsfQQcO9C6DZCsRaXUlFlo91Tg2WpOkGARC1WS5S8t0/edit?usp=sharing), generated with kicad-footprint-generator")
    (tags capacitor)
    (path /5EAE6D38)
    (attr smd)
    (fp_text reference C3 (at 0 -1.65 90) (layer F.SilkS)
      (effects (font (size 1 1) (thickness 0.15)))
    )
    (fp_text value C (at 0 1.65 90) (layer F.Fab)
      (effects (font (size 1 1) (thickness 0.15)))
    )
    (fp_text user %R (at 0 0 90) (layer F.Fab)
      (effects (font (size 0.5 0.5) (thickness 0.08)))
    )
    (fp_line (start 1.68 0.95) (end -1.68 0.95) (layer F.CrtYd) (width 0.05))
    (fp_line (start 1.68 -0.95) (end 1.68 0.95) (layer F.CrtYd) (width 0.05))
    (fp_line (start -1.68 -0.95) (end 1.68 -0.95) (layer F.CrtYd) (width 0.05))
    (fp_line (start -1.68 0.95) (end -1.68 -0.95) (layer F.CrtYd) (width 0.05))
    (fp_line (start -0.258578 0.71) (end 0.258578 0.71) (layer F.SilkS) (width 0.12))
    (fp_line (start -0.258578 -0.71) (end 0.258578 -0.71) (layer F.SilkS) (width 0.12))
    (fp_line (start 1 0.6) (end -1 0.6) (layer F.Fab) (width 0.1))
    (fp_line (start 1 -0.6) (end 1 0.6) (layer F.Fab) (width 0.1))
    (fp_line (start -1 -0.6) (end 1 -0.6) (layer F.Fab) (width 0.1))
    (fp_line (start -1 0.6) (end -1 -0.6) (layer F.Fab) (width 0.1))
    (pad 2 smd roundrect (at 0.9375 0 270) (size 0.975 1.4) (layers F.Cu F.Paste F.Mask) (roundrect_rratio 0.25)
      (net 34 GND))
    (pad 1 smd roundrect (at -0.9375 0 270) (size 0.975 1.4) (layers F.Cu F.Paste F.Mask) (roundrect_rratio 0.25)
      (net 5 +3V3))
    (model ${KISYS3DMOD}/Capacitor_SMD.3dshapes/C_0805_2012Metric.wrl
      (at (xyz 0 0 0))
      (scale (xyz 1 1 1))
      (rotate (xyz 0 0 0))
    )
  )

  (module Capacitor_SMD:C_0805_2012Metric (layer F.Cu) (tedit 5B36C52B) (tstamp 5EA5E83B)
    (at 109.982 65.786)
    (descr "Capacitor SMD 0805 (2012 Metric), square (rectangular) end terminal, IPC_7351 nominal, (Body size source: https://docs.google.com/spreadsheets/d/1BsfQQcO9C6DZCsRaXUlFlo91Tg2WpOkGARC1WS5S8t0/edit?usp=sharing), generated with kicad-footprint-generator")
    (tags capacitor)
    (path /5EAE707A)
    (attr smd)
    (fp_text reference C4 (at 0 -1.65) (layer F.SilkS)
      (effects (font (size 1 1) (thickness 0.15)))
    )
    (fp_text value C (at 0 1.65) (layer F.Fab)
      (effects (font (size 1 1) (thickness 0.15)))
    )
    (fp_line (start -1 0.6) (end -1 -0.6) (layer F.Fab) (width 0.1))
    (fp_line (start -1 -0.6) (end 1 -0.6) (layer F.Fab) (width 0.1))
    (fp_line (start 1 -0.6) (end 1 0.6) (layer F.Fab) (width 0.1))
    (fp_line (start 1 0.6) (end -1 0.6) (layer F.Fab) (width 0.1))
    (fp_line (start -0.258578 -0.71) (end 0.258578 -0.71) (layer F.SilkS) (width 0.12))
    (fp_line (start -0.258578 0.71) (end 0.258578 0.71) (layer F.SilkS) (width 0.12))
    (fp_line (start -1.68 0.95) (end -1.68 -0.95) (layer F.CrtYd) (width 0.05))
    (fp_line (start -1.68 -0.95) (end 1.68 -0.95) (layer F.CrtYd) (width 0.05))
    (fp_line (start 1.68 -0.95) (end 1.68 0.95) (layer F.CrtYd) (width 0.05))
    (fp_line (start 1.68 0.95) (end -1.68 0.95) (layer F.CrtYd) (width 0.05))
    (fp_text user %R (at 0 0) (layer F.Fab)
      (effects (font (size 0.5 0.5) (thickness 0.08)))
    )
    (pad 1 smd roundrect (at -0.9375 0) (size 0.975 1.4) (layers F.Cu F.Paste F.Mask) (roundrect_rratio 0.25)
      (net 5 +3V3))
    (pad 2 smd roundrect (at 0.9375 0) (size 0.975 1.4) (layers F.Cu F.Paste F.Mask) (roundrect_rratio 0.25)
      (net 34 GND))
    (model ${KISYS3DMOD}/Capacitor_SMD.3dshapes/C_0805_2012Metric.wrl
      (at (xyz 0 0 0))
      (scale (xyz 1 1 1))
      (rotate (xyz 0 0 0))
    )
  )

  (module Capacitor_SMD:C_0805_2012Metric (layer F.Cu) (tedit 5B36C52B) (tstamp 5EA5E84C)
    (at 101.854 46.736)
    (descr "Capacitor SMD 0805 (2012 Metric), square (rectangular) end terminal, IPC_7351 nominal, (Body size source: https://docs.google.com/spreadsheets/d/1BsfQQcO9C6DZCsRaXUlFlo91Tg2WpOkGARC1WS5S8t0/edit?usp=sharing), generated with kicad-footprint-generator")
    (tags capacitor)
    (path /5EAE73B3)
    (attr smd)
    (fp_text reference C5 (at 0 -1.65) (layer F.SilkS)
      (effects (font (size 1 1) (thickness 0.15)))
    )
    (fp_text value 100nF (at 0 1.65) (layer F.Fab)
      (effects (font (size 1 1) (thickness 0.15)))
    )
    (fp_text user %R (at 0 0) (layer F.Fab)
      (effects (font (size 0.5 0.5) (thickness 0.08)))
    )
    (fp_line (start 1.68 0.95) (end -1.68 0.95) (layer F.CrtYd) (width 0.05))
    (fp_line (start 1.68 -0.95) (end 1.68 0.95) (layer F.CrtYd) (width 0.05))
    (fp_line (start -1.68 -0.95) (end 1.68 -0.95) (layer F.CrtYd) (width 0.05))
    (fp_line (start -1.68 0.95) (end -1.68 -0.95) (layer F.CrtYd) (width 0.05))
    (fp_line (start -0.258578 0.71) (end 0.258578 0.71) (layer F.SilkS) (width 0.12))
    (fp_line (start -0.258578 -0.71) (end 0.258578 -0.71) (layer F.SilkS) (width 0.12))
    (fp_line (start 1 0.6) (end -1 0.6) (layer F.Fab) (width 0.1))
    (fp_line (start 1 -0.6) (end 1 0.6) (layer F.Fab) (width 0.1))
    (fp_line (start -1 -0.6) (end 1 -0.6) (layer F.Fab) (width 0.1))
    (fp_line (start -1 0.6) (end -1 -0.6) (layer F.Fab) (width 0.1))
    (pad 2 smd roundrect (at 0.9375 0) (size 0.975 1.4) (layers F.Cu F.Paste F.Mask) (roundrect_rratio 0.25)
      (net 34 GND))
    (pad 1 smd roundrect (at -0.9375 0) (size 0.975 1.4) (layers F.Cu F.Paste F.Mask) (roundrect_rratio 0.25)
      (net 5 +3V3))
    (model ${KISYS3DMOD}/Capacitor_SMD.3dshapes/C_0805_2012Metric.wrl
      (at (xyz 0 0 0))
      (scale (xyz 1 1 1))
      (rotate (xyz 0 0 0))
    )
  )

  (module Capacitor_SMD:C_0805_2012Metric (layer F.Cu) (tedit 5B36C52B) (tstamp 5EA5E85D)
    (at 110.236 59.6115 270)
    (descr "Capacitor SMD 0805 (2012 Metric), square (rectangular) end terminal, IPC_7351 nominal, (Body size source: https://docs.google.com/spreadsheets/d/1BsfQQcO9C6DZCsRaXUlFlo91Tg2WpOkGARC1WS5S8t0/edit?usp=sharing), generated with kicad-footprint-generator")
    (tags capacitor)
    (path /5EAE7721)
    (attr smd)
    (fp_text reference C6 (at 0 -1.65 90) (layer F.SilkS)
      (effects (font (size 1 1) (thickness 0.15)))
    )
    (fp_text value 100nF (at 0 1.65 90) (layer F.Fab)
      (effects (font (size 1 1) (thickness 0.15)))
    )
    (fp_line (start -1 0.6) (end -1 -0.6) (layer F.Fab) (width 0.1))
    (fp_line (start -1 -0.6) (end 1 -0.6) (layer F.Fab) (width 0.1))
    (fp_line (start 1 -0.6) (end 1 0.6) (layer F.Fab) (width 0.1))
    (fp_line (start 1 0.6) (end -1 0.6) (layer F.Fab) (width 0.1))
    (fp_line (start -0.258578 -0.71) (end 0.258578 -0.71) (layer F.SilkS) (width 0.12))
    (fp_line (start -0.258578 0.71) (end 0.258578 0.71) (layer F.SilkS) (width 0.12))
    (fp_line (start -1.68 0.95) (end -1.68 -0.95) (layer F.CrtYd) (width 0.05))
    (fp_line (start -1.68 -0.95) (end 1.68 -0.95) (layer F.CrtYd) (width 0.05))
    (fp_line (start 1.68 -0.95) (end 1.68 0.95) (layer F.CrtYd) (width 0.05))
    (fp_line (start 1.68 0.95) (end -1.68 0.95) (layer F.CrtYd) (width 0.05))
    (fp_text user %R (at 0 0 90) (layer F.Fab)
      (effects (font (size 0.5 0.5) (thickness 0.08)))
    )
    (pad 1 smd roundrect (at -0.9375 0 270) (size 0.975 1.4) (layers F.Cu F.Paste F.Mask) (roundrect_rratio 0.25)
      (net 5 +3V3))
    (pad 2 smd roundrect (at 0.9375 0 270) (size 0.975 1.4) (layers F.Cu F.Paste F.Mask) (roundrect_rratio 0.25)
      (net 34 GND))
    (model ${KISYS3DMOD}/Capacitor_SMD.3dshapes/C_0805_2012Metric.wrl
      (at (xyz 0 0 0))
      (scale (xyz 1 1 1))
      (rotate (xyz 0 0 0))
    )
  )

  (module Capacitor_SMD:C_0805_2012Metric (layer F.Cu) (tedit 5B36C52B) (tstamp 5EA5E86E)
    (at 109.728 48.006 90)
    (descr "Capacitor SMD 0805 (2012 Metric), square (rectangular) end terminal, IPC_7351 nominal, (Body size source: https://docs.google.com/spreadsheets/d/1BsfQQcO9C6DZCsRaXUlFlo91Tg2WpOkGARC1WS5S8t0/edit?usp=sharing), generated with kicad-footprint-generator")
    (tags capacitor)
    (path /5EAF1488)
    (attr smd)
    (fp_text reference C7 (at 0 -1.65 90) (layer F.SilkS)
      (effects (font (size 1 1) (thickness 0.15)))
    )
    (fp_text value 100nF (at 0 1.65 90) (layer F.Fab)
      (effects (font (size 1 1) (thickness 0.15)))
    )
    (fp_text user %R (at 0 0 90) (layer F.Fab)
      (effects (font (size 0.5 0.5) (thickness 0.08)))
    )
    (fp_line (start 1.68 0.95) (end -1.68 0.95) (layer F.CrtYd) (width 0.05))
    (fp_line (start 1.68 -0.95) (end 1.68 0.95) (layer F.CrtYd) (width 0.05))
    (fp_line (start -1.68 -0.95) (end 1.68 -0.95) (layer F.CrtYd) (width 0.05))
    (fp_line (start -1.68 0.95) (end -1.68 -0.95) (layer F.CrtYd) (width 0.05))
    (fp_line (start -0.258578 0.71) (end 0.258578 0.71) (layer F.SilkS) (width 0.12))
    (fp_line (start -0.258578 -0.71) (end 0.258578 -0.71) (layer F.SilkS) (width 0.12))
    (fp_line (start 1 0.6) (end -1 0.6) (layer F.Fab) (width 0.1))
    (fp_line (start 1 -0.6) (end 1 0.6) (layer F.Fab) (width 0.1))
    (fp_line (start -1 -0.6) (end 1 -0.6) (layer F.Fab) (width 0.1))
    (fp_line (start -1 0.6) (end -1 -0.6) (layer F.Fab) (width 0.1))
    (pad 2 smd roundrect (at 0.9375 0 90) (size 0.975 1.4) (layers F.Cu F.Paste F.Mask) (roundrect_rratio 0.25)
      (net 34 GND))
    (pad 1 smd roundrect (at -0.9375 0 90) (size 0.975 1.4) (layers F.Cu F.Paste F.Mask) (roundrect_rratio 0.25)
      (net 5 +3V3))
    (model ${KISYS3DMOD}/Capacitor_SMD.3dshapes/C_0805_2012Metric.wrl
      (at (xyz 0 0 0))
      (scale (xyz 1 1 1))
      (rotate (xyz 0 0 0))
    )
  )

  (module Capacitor_SMD:C_0805_2012Metric (layer F.Cu) (tedit 5B36C52B) (tstamp 5EA5E87F)
    (at 95.758 55.88 90)
    (descr "Capacitor SMD 0805 (2012 Metric), square (rectangular) end terminal, IPC_7351 nominal, (Body size source: https://docs.google.com/spreadsheets/d/1BsfQQcO9C6DZCsRaXUlFlo91Tg2WpOkGARC1WS5S8t0/edit?usp=sharing), generated with kicad-footprint-generator")
    (tags capacitor)
    (path /5EB00D54)
    (attr smd)
    (fp_text reference C8 (at 0 -1.65 90) (layer F.SilkS)
      (effects (font (size 1 1) (thickness 0.15)))
    )
    (fp_text value 100nF (at 0 1.65 90) (layer F.Fab)
      (effects (font (size 1 1) (thickness 0.15)))
    )
    (fp_line (start -1 0.6) (end -1 -0.6) (layer F.Fab) (width 0.1))
    (fp_line (start -1 -0.6) (end 1 -0.6) (layer F.Fab) (width 0.1))
    (fp_line (start 1 -0.6) (end 1 0.6) (layer F.Fab) (width 0.1))
    (fp_line (start 1 0.6) (end -1 0.6) (layer F.Fab) (width 0.1))
    (fp_line (start -0.258578 -0.71) (end 0.258578 -0.71) (layer F.SilkS) (width 0.12))
    (fp_line (start -0.258578 0.71) (end 0.258578 0.71) (layer F.SilkS) (width 0.12))
    (fp_line (start -1.68 0.95) (end -1.68 -0.95) (layer F.CrtYd) (width 0.05))
    (fp_line (start -1.68 -0.95) (end 1.68 -0.95) (layer F.CrtYd) (width 0.05))
    (fp_line (start 1.68 -0.95) (end 1.68 0.95) (layer F.CrtYd) (width 0.05))
    (fp_line (start 1.68 0.95) (end -1.68 0.95) (layer F.CrtYd) (width 0.05))
    (fp_text user %R (at 0 0 90) (layer F.Fab)
      (effects (font (size 0.5 0.5) (thickness 0.08)))
    )
    (pad 1 smd roundrect (at -0.9375 0 90) (size 0.975 1.4) (layers F.Cu F.Paste F.Mask) (roundrect_rratio 0.25)
      (net 5 +3V3))
    (pad 2 smd roundrect (at 0.9375 0 90) (size 0.975 1.4) (layers F.Cu F.Paste F.Mask) (roundrect_rratio 0.25)
      (net 34 GND))
    (model ${KISYS3DMOD}/Capacitor_SMD.3dshapes/C_0805_2012Metric.wrl
      (at (xyz 0 0 0))
      (scale (xyz 1 1 1))
      (rotate (xyz 0 0 0))
    )
  )

  (module Capacitor_SMD:C_0805_2012Metric (layer F.Cu) (tedit 5B36C52B) (tstamp 5EA5E890)
    (at 95.758 51.308 90)
    (descr "Capacitor SMD 0805 (2012 Metric), square (rectangular) end terminal, IPC_7351 nominal, (Body size source: https://docs.google.com/spreadsheets/d/1BsfQQcO9C6DZCsRaXUlFlo91Tg2WpOkGARC1WS5S8t0/edit?usp=sharing), generated with kicad-footprint-generator")
    (tags capacitor)
    (path /5E9CF40C)
    (attr smd)
    (fp_text reference C9 (at 0 -1.65 90) (layer F.SilkS)
      (effects (font (size 1 1) (thickness 0.15)))
    )
    (fp_text value 100nF (at 0 1.65 90) (layer F.Fab)
      (effects (font (size 1 1) (thickness 0.15)))
    )
    (fp_line (start -1 0.6) (end -1 -0.6) (layer F.Fab) (width 0.1))
    (fp_line (start -1 -0.6) (end 1 -0.6) (layer F.Fab) (width 0.1))
    (fp_line (start 1 -0.6) (end 1 0.6) (layer F.Fab) (width 0.1))
    (fp_line (start 1 0.6) (end -1 0.6) (layer F.Fab) (width 0.1))
    (fp_line (start -0.258578 -0.71) (end 0.258578 -0.71) (layer F.SilkS) (width 0.12))
    (fp_line (start -0.258578 0.71) (end 0.258578 0.71) (layer F.SilkS) (width 0.12))
    (fp_line (start -1.68 0.95) (end -1.68 -0.95) (layer F.CrtYd) (width 0.05))
    (fp_line (start -1.68 -0.95) (end 1.68 -0.95) (layer F.CrtYd) (width 0.05))
    (fp_line (start 1.68 -0.95) (end 1.68 0.95) (layer F.CrtYd) (width 0.05))
    (fp_line (start 1.68 0.95) (end -1.68 0.95) (layer F.CrtYd) (width 0.05))
    (fp_text user %R (at 0 0 90) (layer F.Fab)
      (effects (font (size 0.5 0.5) (thickness 0.08)))
    )
    (pad 1 smd roundrect (at -0.9375 0 90) (size 0.975 1.4) (layers F.Cu F.Paste F.Mask) (roundrect_rratio 0.25)
      (net 35 RESET))
    (pad 2 smd roundrect (at 0.9375 0 90) (size 0.975 1.4) (layers F.Cu F.Paste F.Mask) (roundrect_rratio 0.25)
      (net 34 GND))
    (model ${KISYS3DMOD}/Capacitor_SMD.3dshapes/C_0805_2012Metric.wrl
      (at (xyz 0 0 0))
      (scale (xyz 1 1 1))
      (rotate (xyz 0 0 0))
    )
  )

  (module Package_QFP:LQFP-48_7x7mm_P0.5mm (layer F.Cu) (tedit 5C18330E) (tstamp 5EA5E999)
    (at 104.648 53.594)
    (descr "LQFP, 48 Pin (https://www.analog.com/media/en/technical-documentation/data-sheets/ltc2358-16.pdf), generated with kicad-footprint-generator ipc_gullwing_generator.py")
    (tags "LQFP QFP")
    (path /5E980D42)
    (attr smd)
    (fp_text reference U1 (at 0 -5.85) (layer F.SilkS)
      (effects (font (size 1 1) (thickness 0.15)))
    )
    (fp_text value STM32F103C8Tx (at 0 5.85) (layer F.Fab)
      (effects (font (size 1 1) (thickness 0.15)))
    )
    (fp_line (start 3.16 3.61) (end 3.61 3.61) (layer F.SilkS) (width 0.12))
    (fp_line (start 3.61 3.61) (end 3.61 3.16) (layer F.SilkS) (width 0.12))
    (fp_line (start -3.16 3.61) (end -3.61 3.61) (layer F.SilkS) (width 0.12))
    (fp_line (start -3.61 3.61) (end -3.61 3.16) (layer F.SilkS) (width 0.12))
    (fp_line (start 3.16 -3.61) (end 3.61 -3.61) (layer F.SilkS) (width 0.12))
    (fp_line (start 3.61 -3.61) (end 3.61 -3.16) (layer F.SilkS) (width 0.12))
    (fp_line (start -3.16 -3.61) (end -3.61 -3.61) (layer F.SilkS) (width 0.12))
    (fp_line (start -3.61 -3.61) (end -3.61 -3.16) (layer F.SilkS) (width 0.12))
    (fp_line (start -3.61 -3.16) (end -4.9 -3.16) (layer F.SilkS) (width 0.12))
    (fp_line (start -2.5 -3.5) (end 3.5 -3.5) (layer F.Fab) (width 0.1))
    (fp_line (start 3.5 -3.5) (end 3.5 3.5) (layer F.Fab) (width 0.1))
    (fp_line (start 3.5 3.5) (end -3.5 3.5) (layer F.Fab) (width 0.1))
    (fp_line (start -3.5 3.5) (end -3.5 -2.5) (layer F.Fab) (width 0.1))
    (fp_line (start -3.5 -2.5) (end -2.5 -3.5) (layer F.Fab) (width 0.1))
    (fp_line (start 0 -5.15) (end -3.15 -5.15) (layer F.CrtYd) (width 0.05))
    (fp_line (start -3.15 -5.15) (end -3.15 -3.75) (layer F.CrtYd) (width 0.05))
    (fp_line (start -3.15 -3.75) (end -3.75 -3.75) (layer F.CrtYd) (width 0.05))
    (fp_line (start -3.75 -3.75) (end -3.75 -3.15) (layer F.CrtYd) (width 0.05))
    (fp_line (start -3.75 -3.15) (end -5.15 -3.15) (layer F.CrtYd) (width 0.05))
    (fp_line (start -5.15 -3.15) (end -5.15 0) (layer F.CrtYd) (width 0.05))
    (fp_line (start 0 -5.15) (end 3.15 -5.15) (layer F.CrtYd) (width 0.05))
    (fp_line (start 3.15 -5.15) (end 3.15 -3.75) (layer F.CrtYd) (width 0.05))
    (fp_line (start 3.15 -3.75) (end 3.75 -3.75) (layer F.CrtYd) (width 0.05))
    (fp_line (start 3.75 -3.75) (end 3.75 -3.15) (layer F.CrtYd) (width 0.05))
    (fp_line (start 3.75 -3.15) (end 5.15 -3.15) (layer F.CrtYd) (width 0.05))
    (fp_line (start 5.15 -3.15) (end 5.15 0) (layer F.CrtYd) (width 0.05))
    (fp_line (start 0 5.15) (end -3.15 5.15) (layer F.CrtYd) (width 0.05))
    (fp_line (start -3.15 5.15) (end -3.15 3.75) (layer F.CrtYd) (width 0.05))
    (fp_line (start -3.15 3.75) (end -3.75 3.75) (layer F.CrtYd) (width 0.05))
    (fp_line (start -3.75 3.75) (end -3.75 3.15) (layer F.CrtYd) (width 0.05))
    (fp_line (start -3.75 3.15) (end -5.15 3.15) (layer F.CrtYd) (width 0.05))
    (fp_line (start -5.15 3.15) (end -5.15 0) (layer F.CrtYd) (width 0.05))
    (fp_line (start 0 5.15) (end 3.15 5.15) (layer F.CrtYd) (width 0.05))
    (fp_line (start 3.15 5.15) (end 3.15 3.75) (layer F.CrtYd) (width 0.05))
    (fp_line (start 3.15 3.75) (end 3.75 3.75) (layer F.CrtYd) (width 0.05))
    (fp_line (start 3.75 3.75) (end 3.75 3.15) (layer F.CrtYd) (width 0.05))
    (fp_line (start 3.75 3.15) (end 5.15 3.15) (layer F.CrtYd) (width 0.05))
    (fp_line (start 5.15 3.15) (end 5.15 0) (layer F.CrtYd) (width 0.05))
    (fp_text user %R (at 0 0) (layer F.Fab)
      (effects (font (size 1 1) (thickness 0.15)))
    )
    (pad 1 smd roundrect (at -4.1625 -2.75) (size 1.475 0.3) (layers F.Cu F.Paste F.Mask) (roundrect_rratio 0.25)
      (net 5 +3V3))
    (pad 2 smd roundrect (at -4.1625 -2.25) (size 1.475 0.3) (layers F.Cu F.Paste F.Mask) (roundrect_rratio 0.25)
      (net 13 "Net-(U1-Pad2)"))
    (pad 3 smd roundrect (at -4.1625 -1.75) (size 1.475 0.3) (layers F.Cu F.Paste F.Mask) (roundrect_rratio 0.25)
      (net 14 "Net-(U1-Pad3)"))
    (pad 4 smd roundrect (at -4.1625 -1.25) (size 1.475 0.3) (layers F.Cu F.Paste F.Mask) (roundrect_rratio 0.25)
      (net 15 "Net-(U1-Pad4)"))
    (pad 5 smd roundrect (at -4.1625 -0.75) (size 1.475 0.3) (layers F.Cu F.Paste F.Mask) (roundrect_rratio 0.25)
      (net 16 "Net-(U1-Pad5)"))
    (pad 6 smd roundrect (at -4.1625 -0.25) (size 1.475 0.3) (layers F.Cu F.Paste F.Mask) (roundrect_rratio 0.25)
      (net 17 "Net-(U1-Pad6)"))
    (pad 7 smd roundrect (at -4.1625 0.25) (size 1.475 0.3) (layers F.Cu F.Paste F.Mask) (roundrect_rratio 0.25)
      (net 35 RESET))
    (pad 8 smd roundrect (at -4.1625 0.75) (size 1.475 0.3) (layers F.Cu F.Paste F.Mask) (roundrect_rratio 0.25)
      (net 34 GND))
    (pad 9 smd roundrect (at -4.1625 1.25) (size 1.475 0.3) (layers F.Cu F.Paste F.Mask) (roundrect_rratio 0.25)
      (net 5 +3V3))
    (pad 10 smd roundrect (at -4.1625 1.75) (size 1.475 0.3) (layers F.Cu F.Paste F.Mask) (roundrect_rratio 0.25)
      (net 55 LCD_BACKLIGHT_PWM))
    (pad 11 smd roundrect (at -4.1625 2.25) (size 1.475 0.3) (layers F.Cu F.Paste F.Mask) (roundrect_rratio 0.25)
      (net 18 "Net-(U1-Pad11)"))
    (pad 12 smd roundrect (at -4.1625 2.75) (size 1.475 0.3) (layers F.Cu F.Paste F.Mask) (roundrect_rratio 0.25)
      (net 3 D_C_IN))
    (pad 13 smd roundrect (at -2.75 4.1625) (size 0.3 1.475) (layers F.Cu F.Paste F.Mask) (roundrect_rratio 0.25)
      (net 7 RST_IN))
    (pad 14 smd roundrect (at -2.25 4.1625) (size 0.3 1.475) (layers F.Cu F.Paste F.Mask) (roundrect_rratio 0.25)
      (net 2 CS_IN))
    (pad 15 smd roundrect (at -1.75 4.1625) (size 0.3 1.475) (layers F.Cu F.Paste F.Mask) (roundrect_rratio 0.25)
      (net 6 SCK_IN))
    (pad 16 smd roundrect (at -1.25 4.1625) (size 0.3 1.475) (layers F.Cu F.Paste F.Mask) (roundrect_rratio 0.25)
      (net 19 SPI1_MISO))
    (pad 17 smd roundrect (at -0.75 4.1625) (size 0.3 1.475) (layers F.Cu F.Paste F.Mask) (roundrect_rratio 0.25)
      (net 4 SDIN_IN))
    (pad 18 smd roundrect (at -0.25 4.1625) (size 0.3 1.475) (layers F.Cu F.Paste F.Mask) (roundrect_rratio 0.25)
      (net 20 "Net-(U1-Pad18)"))
    (pad 19 smd roundrect (at 0.25 4.1625) (size 0.3 1.475) (layers F.Cu F.Paste F.Mask) (roundrect_rratio 0.25)
      (net 21 "Net-(U1-Pad19)"))
    (pad 20 smd roundrect (at 0.75 4.1625) (size 0.3 1.475) (layers F.Cu F.Paste F.Mask) (roundrect_rratio 0.25)
      (net 37 "Net-(R3-Pad1)"))
